index;x;y;z
0;0.725235;0.542236;-0.489075
1;0.713486;0.496323;-0.460159
2;0.718781;0.480667;-0.462204
3;0.730453;0.500748;-0.469635
4;0.724350;0.497955;-0.455917
5;0.713333;0.497238;-0.461121
6;0.702744;0.509247;-0.466568
7;0.707016;0.508255;-0.462189
8;0.708481;0.506699;-0.466949
9;0.712402;0.510513;-0.468796
10;0.715332;0.513779;-0.465317
11;0.705627;0.510391;-0.463287
12;0.714661;0.510803;-0.463120
13;0.714294;0.516586;-0.470184
14;0.711929;0.507004;-0.467896
15;0.709869;0.502808;-0.466248
16;0.707626;0.500595;-0.469193
17;0.710022;0.501785;-0.471268
18;0.711227;0.502106;-0.477325
19;0.711960;0.496460;-0.470520
20;0.718445;0.496552;-0.469559
21;0.716415;0.493988;-0.470459
22;0.713364;0.495117;-0.472137
23;0.712418;0.495071;-0.472321
24;0.711090;0.495071;-0.467850
25;0.712677;0.496353;-0.471924
26;0.714752;0.499527;-0.477112
27;0.714890;0.502884;-0.475220
28;0.711136;0.501785;-0.472061
29;0.712067;0.498322;-0.473022
30;0.715363;0.501862;-0.475494
31;0.718796;0.500610;-0.475586
32;0.712509;0.506577;-0.475220
33;0.709061;0.502182;-0.474579
34;0.710846;0.503174;-0.474030
35;0.716400;0.500259;-0.477768
36;0.721939;0.500305;-0.479584
37;0.723053;0.501022;-0.477158
38;0.718399;0.502426;-0.479355
39;0.712189;0.498856;-0.480347
40;0.715988;0.493454;-0.483154
41;0.716034;0.490433;-0.478760
42;0.713715;0.494476;-0.479477
43;0.709442;0.494720;-0.483963
44;0.708145;0.500092;-0.485016
45;0.711197;0.498459;-0.483566
46;0.711594;0.500336;-0.487122
47;0.711655;0.501740;-0.490524
48;0.706207;0.501694;-0.490143
49;0.705292;0.501816;-0.490417
50;0.707901;0.500717;-0.489471
51;0.710495;0.499756;-0.489700
52;0.707077;0.500946;-0.489883
53;0.709869;0.504837;-0.486023
54;0.714050;0.503357;-0.480988
55;0.717850;0.496262;-0.470398
56;0.713760;0.494919;-0.470566
57;0.708054;0.501999;-0.472641
58;0.710876;0.508331;-0.480194
59;0.710846;0.512802;-0.481415
60;0.711624;0.515457;-0.480713
61;0.714752;0.514435;-0.476028
62;0.723724;0.510971;-0.469757
63;0.725967;0.501724;-0.477814
64;0.722198;0.506866;-0.484222
65;0.719452;0.506363;-0.479980
66;0.714996;0.506516;-0.481232
67;0.714386;0.502930;-0.492111
68;0.712952;0.496872;-0.501968
69;0.703827;0.493118;-0.493347
70;0.694153;0.486618;-0.489517
71;0.698303;0.486908;-0.496674
72;0.708160;0.482880;-0.497711
73;0.714828;0.481674;-0.496170
74;0.717957;0.488205;-0.495193
75;0.714005;0.485718;-0.494583
76;0.706955;0.486191;-0.493423
77;0.706650;0.487640;-0.492889
78;0.706512;0.489807;-0.495972
79;0.712006;0.490936;-0.501083
80;0.712860;0.490097;-0.500320
81;0.707428;0.492661;-0.499069
82;0.708069;0.492249;-0.497467
83;0.708878;0.490036;-0.491882
84;0.712189;0.489243;-0.485779
85;0.711594;0.495636;-0.474792
86;0.719757;0.506393;-0.456589
87;0.714645;0.506775;-0.446335
88;0.720459;0.514740;-0.440247
89;0.730743;0.530029;-0.433441
90;0.737106;0.548203;-0.421326
91;0.728363;0.545822;-0.410828
92;0.717377;0.556107;-0.420364
93;0.719040;0.579361;-0.437927
94;0.740112;0.593307;-0.453659
95;0.737427;0.561218;-0.460358
96;0.705444;0.526215;-0.452209
97;0.665253;0.499207;-0.444412
98;0.647827;0.475311;-0.461136
99;0.690414;0.492996;-0.494339
100;0.716339;0.511612;-0.559357
101;0.745377;0.493500;-0.566818
102;0.778885;0.450989;-0.569046
103;0.787323;0.406570;-0.552841
104;0.784393;0.410553;-0.515778
105;0.784348;0.386047;-0.477264
106;0.780731;0.353958;-0.458496
107;0.734665;0.326797;-0.438156
108;0.716934;0.327225;-0.440247
109;0.710663;0.338394;-0.443069
110;0.713242;0.353790;-0.453766
111;0.760696;0.362930;-0.466766
112;0.795242;0.376938;-0.501999
113;0.799332;0.390244;-0.518448
114;0.787033;0.383224;-0.525818
115;0.763641;0.409286;-0.537720
116;0.740906;0.506393;-0.588501
117;0.786880;0.651871;-0.678146
118;0.806488;0.711517;-0.766907
119;0.776047;0.774490;-0.755417
120;0.667419;0.623322;-0.578949
121;0.522079;0.613693;-0.551743
122;0.420410;0.594421;-0.480484
123;0.442566;0.607025;-0.480530
124;0.537048;0.585358;-0.462051
125;0.596878;0.566025;-0.447449
126;0.620987;0.562561;-0.433899
127;0.642807;0.559692;-0.409637
128;0.640640;0.567535;-0.381714
129;0.624680;0.571365;-0.364777
130;0.608688;0.579727;-0.366135
131;0.599335;0.604095;-0.368835
132;0.581146;0.600418;-0.368774
133;0.570160;0.595047;-0.378754
134;0.593918;0.618912;-0.391220
135;0.664337;0.637009;-0.400055
136;0.726685;0.619476;-0.467682
137;0.778473;0.708313;-0.548904
138;0.800766;0.676498;-0.589554
139;0.876953;0.630783;-0.685562
140;0.861740;0.571793;-0.877502
141;0.681107;0.517914;-0.849609
142;0.538910;0.499573;-0.733170
143;0.525787;0.471375;-0.654404
144;0.591110;0.448425;-0.572906
145;0.655014;0.399414;-0.531235
146;0.681229;0.339188;-0.496384
147;0.644913;0.349991;-0.459457
148;0.629639;0.363937;-0.440659
149;0.663742;0.371536;-0.458969
150;0.686188;0.374298;-0.465286
151;0.696442;0.368744;-0.449768
152;0.682266;0.369736;-0.437851
153;0.661682;0.356949;-0.419479
154;0.664276;0.383194;-0.418900
155;0.696548;0.415283;-0.468536
156;0.740707;0.454010;-0.541229
157;0.745102;0.424103;-0.544724
158;0.777786;0.563278;-0.656998
159;0.873230;0.675644;-0.759720
160;0.827011;0.783676;-0.881027
161;0.639252;0.769653;-0.779556
162;0.594635;0.608582;-0.553757
163;0.549042;0.590622;-0.566055
164;0.522064;0.560776;-0.561249
165;0.526184;0.581406;-0.544540
166;0.582031;0.536255;-0.506378
167;0.597626;0.537979;-0.435806
168;0.584641;0.538010;-0.376556
169;0.595169;0.530441;-0.359756
170;0.588638;0.549179;-0.351013
171;0.592697;0.557495;-0.353378
172;0.595032;0.556198;-0.349365
173;0.581711;0.535629;-0.346207
174;0.585602;0.527222;-0.338654
175;0.646927;0.564896;-0.343933
176;0.788818;0.598358;-0.386734
177;0.899994;0.639999;-0.479660
178;0.957260;0.646835;-0.538254
179;1.038208;0.773056;-0.711487
180;0.942215;0.653168;-0.885864
181;0.744278;0.483292;-0.829926
182;0.555603;0.453537;-0.635971
183;0.539764;0.437317;-0.578094
184;0.573456;0.443588;-0.515076
185;0.645981;0.405273;-0.463959
186;0.699249;0.329117;-0.429199
187;0.669296;0.306534;-0.407013
188;0.636383;0.342514;-0.401260
189;0.646988;0.355576;-0.413849
190;0.675919;0.336288;-0.410217
191;0.691498;0.327347;-0.399902
192;0.668839;0.321625;-0.395828
193;0.643219;0.367554;-0.395218
194;0.687775;0.432770;-0.446487
195;0.769531;0.531723;-0.536789
196;0.831314;0.554504;-0.560196
197;0.821045;0.648132;-0.660278
198;0.772629;0.931122;-0.822693
199;0.665436;0.835922;-0.777008
200;0.694763;0.882080;-0.628036
201;0.626312;0.740891;-0.488556
202;0.661362;0.664398;-0.554810
203;0.619125;0.661896;-0.575226
204;0.594452;0.610199;-0.528915
205;0.583633;0.490036;-0.435974
206;0.518478;0.452255;-0.356537
207;0.464127;0.467255;-0.328735
208;0.468369;0.480301;-0.343002
209;0.500900;0.507294;-0.355148
210;0.552307;0.510925;-0.362793
211;0.557770;0.495377;-0.355118
212;0.572144;0.533325;-0.374268
213;0.629822;0.583771;-0.389801
214;0.754089;0.594299;-0.497375
215;0.857193;0.591888;-0.560791
216;0.897141;0.608017;-0.673126
217;0.991684;0.625229;-0.913467
218;0.887421;0.532379;-0.961029
219;0.803345;0.393494;-0.812515
220;0.703461;0.418762;-0.734940
221;0.646240;0.446304;-0.626434
222;0.625809;0.410965;-0.508911
223;0.613937;0.312531;-0.403290
224;0.588364;0.284119;-0.367050
225;0.575638;0.293747;-0.378510
226;0.615448;0.306335;-0.411133
227;0.678772;0.331100;-0.449844
228;0.739838;0.343597;-0.469208
229;0.725449;0.332260;-0.450485
230;0.673325;0.368698;-0.449493
231;0.660110;0.407837;-0.454407
232;0.724884;0.475052;-0.501968
233;0.760147;0.475601;-0.545441
234;0.851471;0.591583;-0.575867
235;0.800095;0.524933;-0.622162
236;0.826950;0.847961;-0.827209
237;0.720108;0.753555;-0.791855
238;0.695343;0.728836;-0.619171
239;0.652954;0.613892;-0.549637
240;0.598190;0.603745;-0.593048
241;0.580261;0.633041;-0.608582
242;0.584915;0.576538;-0.540558
243;0.572403;0.521194;-0.445236
244;0.530518;0.499847;-0.380447
245;0.513855;0.487656;-0.359055
246;0.527161;0.486404;-0.348175
247;0.551270;0.502533;-0.347031
248;0.573318;0.512207;-0.364502
249;0.557922;0.513168;-0.368500
250;0.575653;0.544983;-0.395523
251;0.608871;0.589081;-0.385773
252;0.788269;0.630737;-0.452286
253;0.905716;0.650101;-0.549500
254;0.938660;0.615341;-0.583542
255;0.976578;0.670975;-0.710953
256;0.938934;0.616653;-0.869675
257;0.803986;0.437500;-0.790588
258;0.681107;0.423462;-0.657562
259;0.647675;0.443085;-0.596756
260;0.642334;0.425888;-0.522049
261;0.632095;0.363647;-0.459366
262;0.603165;0.314529;-0.425278
263;0.585953;0.323944;-0.413589
264;0.616669;0.338440;-0.433685
265;0.659775;0.354355;-0.459244
266;0.700668;0.348862;-0.463318
267;0.697052;0.329422;-0.440796
268;0.644318;0.328003;-0.409164
269;0.627823;0.399612;-0.414917
270;0.690399;0.438797;-0.488419
271;0.796097;0.528992;-0.628128
272;0.855423;0.588226;-0.641037
273;0.818878;0.603790;-0.643555
274;0.885864;0.757004;-0.777115
275;0.741104;0.657272;-0.745346
276;0.646866;0.682190;-0.580460
277;0.620224;0.575607;-0.552063
278;0.598709;0.632767;-0.604279
279;0.618195;0.694046;-0.614639
280;0.630386;0.623245;-0.542374
281;0.616287;0.537415;-0.433136
282;0.560074;0.484940;-0.352875
283;0.512482;0.459213;-0.335480
284;0.479462;0.475952;-0.337814
285;0.479614;0.507721;-0.334122
286;0.503738;0.522186;-0.351471
287;0.549072;0.533615;-0.395691
288;0.599457;0.555420;-0.398178
289;0.710495;0.613785;-0.385696
290;0.864761;0.655869;-0.484375
291;0.965469;0.677673;-0.595093
292;1.077332;0.747940;-0.764679
293;0.939987;0.632629;-0.903030
294;0.699600;0.540359;-0.799286
295;0.525421;0.476395;-0.664078
296;0.581604;0.481140;-0.635818
297;0.663010;0.456879;-0.557907
298;0.707977;0.391708;-0.501022
299;0.694443;0.319794;-0.441940
300;0.633179;0.323196;-0.409515
301;0.589859;0.356461;-0.398071
302;0.605621;0.348831;-0.397125
303;0.663315;0.330215;-0.414612
304;0.689789;0.320374;-0.418884
305;0.671768;0.308121;-0.399353
306;0.654037;0.375885;-0.398224
307;0.726273;0.421127;-0.454727
308;0.822128;0.523315;-0.590759
309;0.867783;0.563690;-0.598953
310;0.853287;0.621536;-0.629913
311;0.862015;0.830322;-0.809418
312;0.695572;0.754990;-0.780930
313;0.650650;0.725906;-0.587433
314;0.594986;0.646439;-0.534500
315;0.630630;0.630310;-0.593811
316;0.643707;0.652405;-0.614990
317;0.635178;0.594025;-0.534058
318;0.582932;0.519867;-0.429245
319;0.534058;0.458771;-0.360733
320;0.492661;0.448288;-0.354874
321;0.483749;0.464508;-0.354858
322;0.501663;0.484100;-0.341309
323;0.552216;0.507111;-0.364059
324;0.580063;0.513382;-0.393295
325;0.628326;0.559464;-0.412094
326;0.771484;0.653259;-0.455109
327;0.871307;0.603912;-0.510971
328;0.969406;0.634445;-0.582169
329;0.838837;0.628677;-0.632126
330;0.797699;0.733673;-0.787476
331;0.718842;0.549805;-0.817444
332;0.694107;0.430817;-0.710205
333;0.676376;0.442230;-0.624786
334;0.724091;0.453751;-0.546677
335;0.734619;0.431549;-0.499863
336;0.696518;0.367691;-0.466476
337;0.620010;0.349930;-0.423462
338;0.567123;0.347366;-0.389023
339;0.581741;0.331589;-0.373444
340;0.644028;0.321304;-0.409012
341;0.694809;0.347290;-0.439560
342;0.701416;0.342010;-0.428268
343;0.696152;0.407974;-0.434677
344;0.726959;0.434265;-0.488281
345;0.777008;0.523376;-0.591965
346;0.789825;0.544556;-0.582138
347;0.787949;0.579590;-0.632263
348;0.822464;0.801437;-0.773972
349;0.722778;0.804031;-0.815247
350;0.703735;0.757370;-0.699829
351;0.650421;0.590530;-0.511642
352;0.648453;0.627090;-0.580780
353;0.633652;0.632629;-0.570236
354;0.630768;0.610504;-0.536331
355;0.589951;0.521118;-0.446259
356;0.533020;0.454895;-0.364624
357;0.488510;0.431320;-0.354019
358;0.476624;0.459778;-0.356995
359;0.484940;0.529404;-0.376251
360;0.539322;0.554260;-0.379318
361;0.579681;0.531937;-0.398727
362;0.621124;0.551956;-0.439163
363;0.691528;0.579773;-0.417007
364;0.818176;0.577530;-0.443665
365;0.893097;0.608566;-0.526031
366;0.959213;0.671112;-0.632278
367;0.961456;0.645844;-0.888626
368;0.803101;0.564728;-0.996201
369;0.658356;0.432816;-0.768005
370;0.602676;0.481888;-0.681808
371;0.662827;0.454453;-0.563766
372;0.724304;0.379471;-0.494446
373;0.689560;0.301300;-0.446320
374;0.598007;0.290085;-0.407181
375;0.555969;0.320755;-0.388046
376;0.571915;0.326553;-0.382721
377;0.638763;0.279785;-0.391998
378;0.693619;0.262619;-0.420090
379;0.680878;0.267532;-0.442627
380;0.679764;0.371002;-0.466415
381;0.764557;0.444290;-0.538895
382;0.819595;0.443649;-0.510605
383;0.872818;0.668137;-0.643173
384;0.953583;0.792618;-0.750900
385;0.917496;0.854660;-0.851089
386;0.794601;0.790680;-0.728134
387;0.676514;0.721451;-0.540283
388;0.627594;0.667755;-0.546982
389;0.573257;0.563568;-0.525665
390;0.544266;0.563934;-0.503464
391;0.518570;0.513428;-0.419006
392;0.497879;0.460754;-0.352295
393;0.500763;0.465942;-0.348709
394;0.514313;0.490952;-0.365982
395;0.539078;0.533249;-0.380951
396;0.580200;0.555435;-0.387329
397;0.592636;0.533585;-0.384415
398;0.599808;0.562622;-0.416931
399;0.620346;0.600983;-0.396484
400;0.748520;0.645233;-0.432724
401;0.804565;0.583237;-0.493484
402;0.859253;0.649323;-0.599060
403;0.925827;0.772049;-0.799042
404;0.914444;0.635193;-0.907730
405;0.756058;0.463730;-0.820557
406;0.682220;0.436966;-0.712524
407;0.633957;0.472412;-0.641174
408;0.660416;0.467682;-0.562653
409;0.678833;0.379532;-0.487289
410;0.642151;0.316345;-0.418930
411;0.599014;0.312927;-0.384689
412;0.604218;0.326004;-0.402100
413;0.657669;0.334274;-0.435226
414;0.708359;0.330444;-0.451691
415;0.708588;0.325562;-0.439117
416;0.676193;0.337524;-0.421066
417;0.668549;0.379044;-0.427017
418;0.726715;0.429947;-0.510895
419;0.793274;0.501526;-0.615402
420;0.819016;0.499481;-0.567429
421;0.772690;0.528488;-0.617264
422;0.798798;0.706146;-0.743484
423;0.706879;0.722778;-0.815094
424;0.637222;0.736679;-0.688202
425;0.669678;0.582916;-0.558548
426;0.678299;0.610840;-0.663589
427;0.693680;0.652191;-0.671799
428;0.658127;0.595474;-0.595825
429;0.638763;0.510712;-0.457962
430;0.556061;0.449463;-0.367737
431;0.489883;0.429443;-0.351990
432;0.476822;0.460068;-0.354599
433;0.491089;0.480301;-0.349670
434;0.565247;0.517838;-0.382782
435;0.601059;0.530212;-0.416122
436;0.601990;0.544739;-0.432144
437;0.648285;0.569901;-0.371887
438;0.771194;0.577072;-0.436493
439;0.890869;0.625443;-0.533813
440;0.896225;0.673813;-0.647232
441;0.951355;0.721451;-0.830963
442;0.900681;0.573700;-0.932404
443;0.751617;0.465851;-0.794495
444;0.610306;0.451126;-0.669022
445;0.631912;0.467041;-0.609146
446;0.650345;0.412521;-0.520798
447;0.661713;0.366531;-0.493576
448;0.627472;0.327820;-0.452499
449;0.599731;0.335037;-0.421814
450;0.591644;0.338531;-0.415863
451;0.635712;0.325912;-0.432861
452;0.686432;0.315231;-0.434418
453;0.705322;0.319092;-0.420471
454;0.688385;0.352646;-0.407150
455;0.688553;0.418335;-0.470291
456;0.766464;0.484589;-0.588394
457;0.791031;0.502182;-0.611404
458;0.859512;0.605896;-0.636246
459;0.840485;0.629898;-0.625214
460;0.868652;0.755478;-0.813599
461;0.716324;0.816925;-0.826477
462;0.670334;0.665848;-0.593735
463;0.613358;0.553864;-0.563522
464;0.541046;0.547897;-0.560623
465;0.514328;0.608597;-0.548172
466;0.545746;0.556229;-0.497726
467;0.553558;0.486938;-0.426605
468;0.538803;0.464737;-0.390884
469;0.535965;0.476349;-0.392914
470;0.524887;0.534790;-0.395187
471;0.548752;0.567657;-0.404282
472;0.571579;0.520538;-0.383163
473;0.597031;0.509430;-0.402512
474;0.614227;0.512360;-0.387192
475;0.736618;0.609177;-0.429764
476;0.904037;0.616653;-0.541702
477;1.080063;0.712891;-0.723694
478;1.077209;0.592743;-0.907013
479;0.890152;0.521332;-0.940918
480;0.586884;0.469833;-0.727234
481;0.510742;0.418335;-0.632492
482;0.571548;0.399353;-0.569382
483;0.631653;0.356674;-0.505508
484;0.691162;0.300995;-0.485565
485;0.698944;0.282318;-0.470093
486;0.641968;0.325821;-0.440720
487;0.632614;0.338837;-0.428696
488;0.676483;0.329315;-0.436417
489;0.719543;0.311646;-0.428314
490;0.696243;0.296295;-0.419479
491;0.644485;0.333618;-0.407837
492;0.707245;0.416000;-0.463120
493;0.823517;0.494919;-0.603027
494;0.839066;0.501755;-0.599884
495;0.802856;0.615891;-0.650116
496;0.869568;0.686005;-0.683533
497;0.868835;0.748459;-0.823074
498;0.737122;0.674622;-0.764816
499;0.645203;0.572067;-0.565567
500;0.593643;0.532684;-0.567398
501;0.568726;0.534103;-0.600189
502;0.570328;0.628510;-0.604538
503;0.594757;0.566330;-0.520126
504;0.602066;0.502014;-0.439316
505;0.560867;0.454803;-0.388718
506;0.521637;0.455383;-0.396820
507;0.493607;0.519455;-0.426575
508;0.540115;0.547806;-0.423813
509;0.562744;0.501190;-0.433655
510;0.542404;0.495087;-0.458160
511;0.533859;0.564468;-0.476608
512;0.610565;0.567612;-0.414230
513;0.755844;0.572098;-0.485596
514;0.990906;0.710220;-0.688736
515;1.133560;0.598923;-1.010818
516;0.909439;0.541809;-1.053360
517;0.649200;0.409256;-0.765686
518;0.538574;0.401093;-0.660950
519;0.555450;0.435776;-0.577087
520;0.642014;0.388947;-0.510941
521;0.707977;0.263107;-0.471375
522;0.701996;0.267166;-0.478943
523;0.654892;0.317642;-0.478195
524;0.638580;0.341339;-0.485184
525;0.677460;0.344147;-0.504623
526;0.702209;0.330704;-0.512955
527;0.694580;0.303055;-0.476410
528;0.670074;0.289291;-0.486282
529;0.635437;0.303497;-0.487534
530;0.644211;0.374985;-0.514832
531;0.706772;0.432541;-0.570999
532;0.871704;0.494293;-0.596207
533;0.934311;0.516495;-0.632782
534;0.931564;0.763779;-0.887436
535;0.679993;0.679260;-0.836838
536;0.639374;0.673843;-0.583405
537;0.625626;0.545090;-0.569458
538;0.592697;0.547165;-0.600723
539;0.570129;0.615372;-0.648621
540;0.591217;0.604630;-0.597565
541;0.635223;0.516907;-0.476410
542;0.595062;0.460938;-0.393539
543;0.550858;0.472443;-0.384811
544;0.512375;0.490799;-0.397797
545;0.528809;0.518982;-0.416382
546;0.561111;0.521484;-0.406769
547;0.589767;0.529007;-0.418945
548;0.618561;0.557602;-0.418030
549;0.701004;0.596161;-0.400406
550;0.889191;0.606613;-0.473709
551;0.924774;0.596893;-0.560272
552;0.837265;0.569351;-0.619507
553;0.761963;0.668259;-0.656921
554;0.788391;0.586655;-0.759476
555;0.733459;0.449738;-0.789948
556;0.663574;0.364838;-0.711685
557;0.637314;0.385849;-0.653946
558;0.680389;0.402344;-0.583374
559;0.730331;0.380890;-0.545807
560;0.730789;0.353729;-0.521210
561;0.668411;0.366486;-0.481216
562;0.620819;0.355972;-0.442093
563;0.629410;0.326401;-0.426743
564;0.666748;0.312012;-0.430389
565;0.706894;0.317642;-0.445450
566;0.695511;0.325134;-0.466110
567;0.653076;0.365372;-0.505386
568;0.638580;0.398972;-0.541641
569;0.712524;0.490173;-0.614700
570;0.812729;0.477997;-0.590698
571;0.834167;0.507935;-0.617859
572;0.849365;0.636307;-0.693710
573;0.725922;0.767365;-0.808945
574;0.636932;0.765686;-0.731903
575;0.660141;0.586044;-0.491257
576;0.640762;0.581299;-0.571548
577;0.572647;0.647552;-0.589874
578;0.606827;0.676163;-0.628983
579;0.665863;0.590881;-0.556580
580;0.645264;0.487198;-0.440689
581;0.565399;0.476059;-0.384506
582;0.518738;0.461472;-0.383667
583;0.517075;0.484039;-0.395294
584;0.528992;0.509659;-0.396286
585;0.567520;0.509750;-0.402176
586;0.568924;0.519333;-0.421555
587;0.587875;0.577866;-0.439178
588;0.661453;0.640274;-0.429398
589;0.842926;0.647919;-0.523605
590;0.905731;0.603500;-0.632278
591;0.900391;0.669525;-0.731598
592;0.844711;0.643204;-0.823898
593;0.744415;0.489975;-0.853439
594;0.586060;0.386627;-0.720078
595;0.563324;0.364502;-0.676895
596;0.638550;0.359207;-0.632782
597;0.665924;0.368851;-0.562180
598;0.672333;0.361801;-0.528870
599;0.682434;0.354431;-0.507263
600;0.647247;0.358337;-0.474808
601;0.634445;0.383759;-0.446304
602;0.685272;0.300644;-0.465652
603;0.754349;0.314224;-0.467957
604;0.720718;0.286270;-0.422577
605;0.650833;0.327255;-0.445602
606;0.593796;0.361511;-0.456985
607;0.642456;0.408157;-0.445007